1	
2	
6
2	
9	
23
3	
11	
12
4	
11	
24
5	
19	
24
6	
5	
16
7	
7	
21
8	
2	
4
9	
5	
20
10	
18	
20
11	
11	
18
12	
11	
14
13	
20	
21
14	
11	
22
15	
2	
12
16	
3	
14
17	
15	
19
18	
0	
21
19	
1	
20
20	
13	
17
21	
6	
7
22	
18	
24
23	
3	
17
24	
9	
11
25	
3	
13
26	
4	
9
27	
6	
11
28	
14	
24
29	
7	
12
30	
10	
12
31	
0	
24
32	
1	
21
33	
6	
9
34	
7	
11
35	
2	
14
36	
11	
14
37	
14	
17
38	
2	
15
39	
5	
9
40	
9	
12
41	
4	
5
42	
1	
11
43	
11	
13
44	
0	
1
45	
7	
18
46	
4	
21
47	
4	
15
48	
7	
18
49	
12	
15
50	
1	
20
51	
4	
7
52	
5	
8
53	
4	
21
